 <pre>

 Contingency table for Low clouds (octas)
 Selection: METCOOP    232 stations
Period: 20220816-20220821
Used {All hours} + 01 02 03
 Limits    1.00000000       2.00000000       3.00000000       4.00000000       5.00000000       6.00000000       7.00000000    
 Each class is data <= limit, the very last > last limit
 Total number of values       55820
                                              OBSERVATION
                                  22710     1728     1438      998     1022      795     1234     2702 |     32627
                                    897      264      256      199      184      188      319      642 |      2949
                                    497      151      140      137      137      140      229      462 |      1893
                      MNWC_ref      353      146      128      112      101      109      192      370 |      1511
                                    298      130      128      110      120      102      196      382 |      1466
                                    296      128      152       92      114      113      215      395 |      1505
                                    310      192      165      109      169      154      282      603 |      1984
                                    713      756      702      718      740      811     1770     5675 |     11885

                    SUM           26074     3495     3109     2475     2587     2412     4437    11231 |     55820
                                              OBSERVATION
                                  22940     1925     1600     1190     1193     1049     1705     3980 |     35582
                                    843      290      228      167      201      162      309      722 |      2922
                                    422      173      173      123      139      116      209      505 |      1860
                       1h_grAv      292      132      142      106       92      106      153      401 |      1424
                                    299       98      127       96       96       81      182      361 |      1340
                                    262      126      115      118      109       97      179      398 |      1404
                                    331      140      148      120      155      121      261      561 |      1837
                                    685      611      576      555      602      680     1439     4303 |      9451

                    SUM           26074     3495     3109     2475     2587     2412     4437    11231 |     55820
                                              OBSERVATION
                                  23025     2066     1733     1236     1289     1114     1841     4530 |     36834
                                    869      255      279      212      214      188      384      785 |      3186
                                    453      166      120      140      138      132      243      493 |      1885
                     1h_nechgu      324      122       94      110       97      108      194      340 |      1389
                                    275      106      105       76      115       94      166      342 |      1279
                                    242      112      112      103       94       76      188      354 |      1281
                                    285      136      147      134      140      113      261      571 |      1787
                                    601      532      519      464      500      587     1160     3816 |      8179

                    SUM           26074     3495     3109     2475     2587     2412     4437    11231 |     55820
                                              OBSERVATION
                                  23235     1948     1624     1199     1247     1034     1669     3843 |     35799
                                    746      275      284      192      209      177      349      734 |      2966
                                    439      157      144      102      127      123      203      476 |      1771
                        2h_org      299      126      115      123       83      107      182      393 |      1428
                                    249      123      110      105       85      106      189      391 |      1358
                                    239      121      109       93       97       79      194      375 |      1307
                                    258      152      147      125      129      131      276      565 |      1783
                                    609      593      576      536      610      655     1375     4454 |      9408

                    SUM           26074     3495     3109     2475     2587     2412     4437    11231 |     55820

