 <pre>

 Contingency table for Cloud base (m)
 Selection: ALL    626 stations
Period: 20220816-20220821
Used {All hours} + 01 02 03
 Limits    70.0000000       150.000000       300.000000       600.000000       1000.00000       1500.00000       2500.00000       5000.00000    
 Each class is data <= limit, the very last > last limit
 Total number of values      132317
                                                       OBSERVATION
                                    590      332      197       34       16       10       14        9       60 |      1262
                                    306      322      329      115       14       16        8        6       42 |      1158
                                    303      688     1099      449       65       48       23       28       82 |      2785
                                    254      621     2108     2058      594      166      108       73      114 |      6096
                      MNWC_ref      210      426     1359     2531     1836      602      285      201      486 |      7936
                                    136      280      811     1133     1723     1893      633      387      661 |      7657
                                    230      384      884     1264     1239     1812     2889     1693     1341 |     11736
                                    267      487     1192     1262     1637     1316     2403     7219     1419 |     17202
                                   1685     1384     2791     4028     4910     5569     6543    12166    37409 |     76485

                    SUM            3981     4924    10770    12874    12034    11432    12906    21782    41614 |    132317
                                                       OBSERVATION
                                    220       76       84       12        9        3        4        1       44 |       453
                                    181      174      142       46        9        4        2        1        3 |       562
                                    200      288      507      219       50       17       13        7       21 |      1322
                                    187      521     1438     1197      357       99       68       57       53 |      3977
                       1h_grAv      169      485     1359     1972     1430      504      215      169      394 |      6697
                                    219      379      901     1293     1587     1785      624      352      541 |      7681
                                    260      410     1068     1329     1407     1802     2770     1429     1646 |     12121
                                    397      680     1499     1598     1779     1488     2326     6332     1505 |     17604
                                   2148     1911     3772     5208     5406     5730     6884    13434    37407 |     81900

                    SUM            3981     4924    10770    12874    12034    11432    12906    21782    41614 |    132317
                                                       OBSERVATION
                                    238       55       38        7        4        3        7        3       37 |       392
                                    181      130      109       29        7        4        1        9        8 |       478
                                    183      298      430      128       21       14       10       10       42 |      1136
                                    179      433     1083      945      291       89       51       36       24 |      3131
                     1h_nechgu      142      434     1261     1738     1214      380      154      150      342 |      5815
                                    150      300      757     1223     1483     1644      584      301      503 |      6945
                                    230      412     1008     1330     1290     1777     2474     1433     1473 |     11427
                                    447      761     1724     1800     1899     1411     2255     5547     1452 |     17296
                                   2231     2101     4360     5674     5825     6110     7370    14293    37733 |     85697

                    SUM            3981     4924    10770    12874    12034    11432    12906    21782    41614 |    132317
                                                       OBSERVATION
                                    291      148      111       32       12        7        2        3        8 |       614
                                    175      158      147       55        7        7        3        2        7 |       561
                                    201      362      511      270       48       26       12        9       27 |      1466
                                    155      539     1601     1255      332      122       73       55       26 |      4158
                        2h_org      203      431     1335     2136     1491      493      224      161      402 |      6876
                                    159      336      918     1191     1651     1705      567      340      491 |      7358
                                    251      402     1017     1321     1273     1753     2583     1317     1263 |     11180
                                    346      676     1464     1510     1764     1507     2568     6596     1396 |     17827
                                   2200     1872     3666     5104     5456     5812     6874    13299    37994 |     82277

                    SUM            3981     4924    10770    12874    12034    11432    12906    21782    41614 |    132317

