 <pre>

 Contingency table for Cloud base (m)
 Selection: METCOOP    231 stations
Period: 20220816-20220821
Used {All hours} + 01 02 03
 Limits    70.0000000       150.000000       300.000000       600.000000       1000.00000       1500.00000       2500.00000       5000.00000    
 Each class is data <= limit, the very last > last limit
 Total number of values       52982
                                                       OBSERVATION
                                    454      303      159       26       14       10       10        2       24 |      1002
                                    233      275      272       89       11       13        4        4        9 |       910
                                    224      530      790      310       27       28       10       15       24 |      1958
                                    178      374     1209     1039      304       86       32       39       44 |      3305
                      MNWC_ref      123      220      652     1250      798      296      111       80       73 |      3603
                                    111      167      396      512      701      714      185      158       72 |      3016
                                    169      197      402      474      428      586      857      669      282 |      4064
                                    178      228      595      581      541      593      959     3206      569 |      7450
                                   1227     1008     1535     1932     1748     2292     2259     4344    11329 |     27674

                    SUM            2897     3302     6010     6213     4572     4618     4427     8517    12426 |     52982
                                                       OBSERVATION
                                    166       73       76       11        5        3        1        0       15 |       350
                                    171      170      130       35        8        3        2        1        2 |       522
                                    155      239      413      153       33        8        6        6       12 |      1025
                                    127      362      980      789      191       60       26       35       31 |      2601
                       1h_grAv      127      255      690     1010      674      247       76       74       77 |      3230
                                    171      217      405      589      643      770      193      166      103 |      3257
                                    182      226      437      518      516      545      724      488      341 |      3977
                                    259      361      744      696      599      663      875     2501      513 |      7211
                                   1539     1399     2135     2412     1903     2319     2524     5246    11332 |     30809

                    SUM            2897     3302     6010     6213     4572     4618     4427     8517    12426 |     52982
                                                       OBSERVATION
                                    156       55       31        7        1        3        7        0        5 |       265
                                    168      122      104       23        7        3        0        9        4 |       440
                                    163      241      341       95       18        8        4        5       33 |       908
                                    116      308      779      611      160       56       25       24       13 |      2092
                     1h_nechgu      107      283      732      935      599      221       66       68       43 |      3054
                                    114      175      362      632      590      696      201      170       79 |      3019
                                    157      181      404      516      455      537      606      514      277 |      3647
                                    306      390      803      731      627      627      766     1939      511 |      6700
                                   1610     1547     2454     2663     2115     2467     2752     5788    11461 |     32857

                    SUM            2897     3302     6010     6213     4572     4618     4427     8517    12426 |     52982
                                                       OBSERVATION
                                    243      146      104       29       10        7        2        3        5 |       549
                                    157      155      137       48        6        5        3        2        2 |       515
                                    166      306      404      205       37       19        8        5       20 |      1170
                                    118      325     1013      713      166       79       31       31       12 |      2488
                        2h_org      145      258      664     1037      660      235       85       85       56 |      3225
                                    129      195      444      529      660      653      178      159       76 |      3023
                                    178      211      433      498      455      534      640      482      227 |      3658
                                    243      349      716      673      599      715      984     2605      495 |      7379
                                   1518     1357     2095     2481     1979     2371     2496     5145    11533 |     30975

                    SUM            2897     3302     6010     6213     4572     4618     4427     8517    12426 |     52982

