 <pre>

 Contingency table for Visibility (m)
 Selection: ALL    711 stations
Period: 20220816-20220821
Used {All hours} + 00 01 02 03
 Limits    1000.00000       5000.00000       10000.0000       20000.0000    
 Each class is data <= limit, the very last > last limit
 Total number of values      264993
                                     OBSERVATION
                                    975      752      432      326      352 |      2837
                                   1819     4226     4602     4337     3212 |     18196
                      MNWC_ref      989     3240     5077     7360     6616 |     23282
                                    537     2599     6195    17998    30828 |     58157
                                   1283     4532    12448    46467    97791 |    162521

                    SUM            5603    15349    28754    76488   138799 |    264993
                                     OBSERVATION
                                    275      216      181      191      194 |      1057
                                   1601     3452     3839     3757     2985 |     15634
                       1h_grAv     1189     3526     4858     6844     6358 |     22775
                                    785     3043     6478    17876    30337 |     58519
                                   1753     5112    13398    47820    98925 |    167008

                    SUM            5603    15349    28754    76488   138799 |    264993
                                     OBSERVATION
                                    261      173      169      174      145 |       922
                                   1497     3225     3457     3248     2567 |     13994
                     1h_nechgu     1186     3315     4607     5979     5770 |     20857
                                    825     3399     6823    18202    29859 |     59108
                                   1834     5237    13698    48885   100458 |    170112

                    SUM            5603    15349    28754    76488   138799 |    264993
                                     OBSERVATION
                                    410      301      222      191      244 |      1368
                                   1685     3620     3965     3727     2785 |     15782
                        2h_org     1194     3429     4946     6677     6269 |     22515
                                    693     2995     6546    18585    30544 |     59363
                                   1621     5004    13075    47308    98957 |    165965

                    SUM            5603    15349    28754    76488   138799 |    264993

