 <pre>

 Contingency table for Visibility (m)
 Selection: METCOOP    267 stations
Period: 20220816-20220821
Used {All hours} + 00 01 02 03
 Limits    1000.00000       5000.00000       10000.0000       20000.0000    
 Each class is data <= limit, the very last > last limit
 Total number of values      109547
                                     OBSERVATION
                                    819      632      398      284      338 |      2471
                                   1131     2777     3198     2800     2137 |     12043
                      MNWC_ref      431     1164     1854     2633     2629 |      8711
                                    365     1131     2306     5412    13498 |     22712
                                    748     2130     3713    12314    44705 |     63610

                    SUM            3494     7834    11469    23443    63307 |    109547
                                     OBSERVATION
                                    210      198      147      116      191 |       862
                                   1004     2247     2495     2192     1918 |      9856
                       1h_grAv      563     1445     2040     2417     2588 |      9053
                                    544     1401     2491     5789    13393 |     23618
                                   1173     2543     4296    12929    45217 |     66158

                    SUM            3494     7834    11469    23443    63307 |    109547
                                     OBSERVATION
                                    147      138      134      111      143 |       673
                                    925     2175     2334     1954     1647 |      9035
                     1h_nechgu      591     1373     1933     2234     2435 |      8566
                                    563     1520     2693     5975    13371 |     24122
                                   1268     2628     4375    13169    45711 |     67151

                    SUM            3494     7834    11469    23443    63307 |    109547
                                     OBSERVATION
                                    348      275      214      169      242 |      1248
                                   1044     2437     2744     2337     1889 |     10451
                        2h_org      573     1349     1972     2449     2586 |      8929
                                    478     1323     2443     5825    13687 |     23756
                                   1051     2450     4096    12663    44903 |     65163

                    SUM            3494     7834    11469    23443    63307 |    109547

