 <pre>

 Contingency table for Rh2m (%)
 Selection: ALL   1052 stations
Period: 20220816-20220821
Used {All hours} + 00 01 02 03
 Limits    30.0000000       50.0000000       65.0000000       75.0000000       85.0000000       95.0000000       100.000000    
 Each class is data <= limit, the very last > last limit
 Total number of values      430936
                                              OBSERVATION
                                    141      355        1        0        0        0        0        0 |       497
                                    180    19567    10255      786      206       48        4        0 |     31046
                                      8     4265    37356    18035     5329     1292      193        0 |     66478
                      MNWC_ref        1      234     8897    32341    23533     7133     1172        0 |     73311
                                      0       61     1659    12266    44742    29583     6232        0 |     94543
                                      0       14      330     1949    16029    63974    31827        0 |    114123
                                      0        1       39      224     1953    13389    32840        0 |     48446
                                      0        0        1        2       78      605     1806        0 |      2492

                    SUM             330    24497    58538    65603    91870   116024    74074        0 |    430936
                                              OBSERVATION
                                    175      675       16        0        0        0        0        0 |       866
                                    149    19293    10145     1202      361       76       24        0 |     31250
                                      6     4210    38135    18274     6295     1841      362        0 |     69123
                       1h_grAv        0      232     8556    32771    23951     8248     1666        0 |     75424
                                      0       79     1338    11266    44267    31777     7567        0 |     96294
                                      0        8      310     1892    15050    62530    35381        0 |    115171
                                      0        0       38      195     1894    11212    28128        0 |     41467
                                      0        0        0        3       52      340      946        0 |      1341

                    SUM             330    24497    58538    65603    91870   116024    74074        0 |    430936
                                              OBSERVATION
                                    184      680       13        0        0        0        0        0 |       877
                                    140    19275    10685     1239      338       56       14        0 |     31747
                                      6     4222    37802    19460     7182     2077      349        0 |     71098
                     1h_nechgu        0      236     8311    31683    24762     9321     1859        0 |     76172
                                      0       67     1353    11129    43225    33020     9023        0 |     97817
                                      0       16      335     1874    14593    60335    34998        0 |    112151
                                      0        1       39      215     1726    10923    26993        0 |     39897
                                      0        0        0        3       44      292      838        0 |      1177

                    SUM             330    24497    58538    65603    91870   116024    74074        0 |    430936
                                              OBSERVATION
                                    161      529        8        0        0        0        0        0 |       698
                                    165    19462    10061      870      271       54        3        0 |     30886
                                      4     4268    38299    18920     5722     1525      249        0 |     68987
                        2h_org        0      203     8517    32502    24943     8235     1462        0 |     75862
                                      0       33     1305    11169    44431    32503     7443        0 |     96884
                                      0        2      306     1932    14664    62114    34404        0 |    113422
                                      0        0       41      207     1799    11174    29317        0 |     42538
                                      0        0        1        3       40      419     1196        0 |      1659

                    SUM             330    24497    58538    65603    91870   116024    74074        0 |    430936

