 <pre>

 Contingency table for Cloud cover (octas)
 Selection: ALL    399 stations
Period: 20220816-20220821
Used {All hours} + 01 02 03
 Limits   0.500000000       1.50000000       2.50000000       3.50000000       4.50000000       5.50000000       6.50000000       7.50000000    
 Each class is data <= limit, the very last > last limit
 Total number of values       86331
                                                       OBSERVATION
                                   7476     1848     1993      855      458      511      492      475      694 |     14802
                                   2048      690      680      490      301      386      449      523      818 |      6385
                                   1144      339      380      332      198      319      358      458      712 |      4240
                                    805      252      272      220      196      270      313      448      803 |      3579
                      MNWC_ref      805      235      272      241      202      246      374      558      843 |      3776
                                    786      225      314      268      214      321      384      636     1096 |      4244
                                    817      285      278      312      210      391      515      896     1487 |      5191
                                   1097      359      367      458      313      519      795     1532     2784 |      8224
                                   2041      857      659      836      648     1376     2263     7474    19736 |     35890

                    SUM           17019     5090     5215     4012     2740     4339     5943    13000    28973 |     86331
                                                       OBSERVATION
                                   7290     1961     2011      950      529      617      545      625     1039 |     15567
                                   2059      620      693      445      302      402      473      607      960 |      6561
                                   1206      332      436      321      216      316      349      484      819 |      4479
                                    860      256      317      235      167      274      340      506      779 |      3734
                       1h_grAv      797      250      268      263      204      292      347      517      870 |      3808
                                    817      210      283      267      175      310      418      646     1125 |      4251
                                    798      294      269      277      209      317      518      908     1511 |      5101
                                   1083      348      348      388      270      546      753     1479     2705 |      7920
                                   2109      819      590      866      668     1265     2200     7228    19165 |     34910

                    SUM           17019     5090     5215     4012     2740     4339     5943    13000    28973 |     86331
                                                       OBSERVATION
                                   7434     1971     2147      957      553      664      633      648     1036 |     16043
                                   2054      636      649      513      309      400      477      652     1106 |      6796
                                   1116      324      387      295      184      312      363      506      902 |      4389
                                    888      265      304      252      180      280      360      515      866 |      3910
                     1h_nechgu      777      211      289      242      193      273      370      589      967 |      3911
                                    761      239      262      254      200      303      421      677     1140 |      4257
                                    889      295      270      281      212      356      525      920     1593 |      5341
                                   1099      366      332      391      275      498      735     1545     2762 |      8003
                                   2001      783      575      827      634     1253     2059     6948    18601 |     33681

                    SUM           17019     5090     5215     4012     2740     4339     5943    13000    28973 |     86331
                                                       OBSERVATION
                                   7665     1953     2117      937      546      603      589      582      976 |     15968
                                   2092      673      689      488      300      406      465      626      943 |      6682
                                   1138      343      367      329      216      316      343      482      814 |      4348
                                    874      285      291      234      164      266      307      468      767 |      3656
                        2h_org      700      230      289      254      202      263      361      532      842 |      3673
                                    724      207      278      243      192      314      398      675     1045 |      4076
                                    787      274      253      299      215      365      514      870     1583 |      5160
                                   1117      354      360      423      271      553      783     1491     2761 |      8113
                                   1922      771      571      805      634     1253     2183     7274    19242 |     34655

                    SUM           17019     5090     5215     4012     2740     4339     5943    13000    28973 |     86331

