 <pre>

 Contingency table for Low clouds (octas)
 Selection: ALL    619 stations
Period: 20220816-20220821
Used {All hours} + 01 02 03
 Limits    1.00000000       2.00000000       3.00000000       4.00000000       5.00000000       6.00000000       7.00000000    
 Each class is data <= limit, the very last > last limit
 Total number of values      138963
                                              OBSERVATION
                                  66444     4936     3573     2357     2344     1911     2965     5136 |     89666
                                   2465      525      539      411      416      378      728     1230 |      6692
                                   1356      338      334      266      290      294      556      964 |      4398
                      MNWC_ref     1114      328      297      209      245      245      475      796 |      3709
                                    939      318      302      236      263      240      485      839 |      3622
                                    894      286      348      218      274      261      531      929 |      3741
                                    993      401      406      304      365      326      756     1415 |      4966
                                   2193     1264     1268     1178     1298     1441     3643     9884 |     22169

                    SUM           76398     8396     7067     5179     5495     5096    10139    21193 |    138963
                                              OBSERVATION
                                  67692     5347     4012     2792     2824     2439     4177     7422 |     96705
                                   2221      575      476      377      383      370      717     1418 |      6537
                                   1151      346      344      225      274      253      494     1031 |      4118
                       1h_grAv      902      279      300      196      215      231      385      830 |      3338
                                    890      243      263      197      226      184      444      815 |      3262
                                    776      261      266      242      245      221      418      907 |      3336
                                    969      320      351      266      331      281      632     1346 |      4496
                                   1797     1025     1055      884      997     1117     2872     7424 |     17171

                    SUM           76398     8396     7067     5179     5495     5096    10139    21193 |    138963
                                              OBSERVATION
                                  68119     5694     4228     2958     2969     2627     4636     8594 |     99825
                                   2164      474      521      382      409      413      843     1526 |      6732
                                   1254      342      288      262      287      254      569     1036 |      4292
                     1h_nechgu      879      282      233      207      208      213      455      786 |      3263
                                    778      245      250      180      245      203      393      819 |      3113
                                    716      254      261      205      235      165      457      868 |      3161
                                    902      298      357      270      288      259      618     1347 |      4339
                                   1586      807      929      715      854      962     2168     6217 |     14238

                    SUM           76398     8396     7067     5179     5495     5096    10139    21193 |    138963
                                              OBSERVATION
                                  68397     5424     4015     2755     2841     2390     4047     7113 |     96982
                                   2056      528      553      375      415      405      750     1392 |      6474
                                   1149      320      303      242      266      265      459      974 |      3978
                        2h_org      921      279      265      242      210      243      411      831 |      3402
                                    752      290      269      206      227      238      440      812 |      3234
                                    745      247      284      203      240      176      446      911 |      3252
                                    790      311      365      270      305      267      723     1302 |      4333
                                   1588      997     1013      886      991     1112     2863     7858 |     17308

                    SUM           76398     8396     7067     5179     5495     5096    10139    21193 |    138963

